10077
10121
10215
10216
1029
103
10368
10369
10436
10448
10510
10523
1057
106
10611
1063
10644
10651
10658
10748
1077
10798
10800
10806
1081
10845
10873
1090
1093
1095
1101
1102
11051
1108
11216
1125
1137
11417
11435
11567
1159
1164
11758
1177
11772
1182
1184
11954
12051
12052
12080
12094
1213
12137
12141
12142
1229
12416
12447
12537
12656
12686
12714
1275
12752
1276
12768
12773
12776
1278
12780
1296
1306
13121
13136
13141
1315
13166
1318
1319
1320
1321
1325
13259
13269
1327
13280
13281
1333
13350
13352
13389
1347
1349
1351
1352
1353
1354
1355
1358
1367
1373
13746
13751
1377
13776
1378
13820
1393
13968
1397
1402
1403
1405
1407
14086
14091
1412
14132
1414
1415
1416
1419
14192
1420
1422
1423
14269
1436
1437
1438
1439
1440
14420
1445
14454
1449
1451
1453
14547
1455
1460
14607
14778
14829
14832
14833
14834
14840
14895
14896
14897
14933
14936
15051
15093
15102
15117
15145
15147
15157
15158
15159
15183
15184
15186
15199
15219
15243
15244
15247
15264
15275
15280
15328
15329
15364
15430
15431
15492
15493
15589
15590
15598
15599
15600
15625
15681
15696
15732
15793
15796
15809
15819
15835
15870
15898
15900
15902
15903
15904
15905
15917
15918
15919
15920
15921
15922
15923
15931
15989
1599
15992
15993
16017
16018
16022
16023
16036
16056
16057
16058
16059
16060
16061
16071
16072
16073
16074
16083
16092
1611
16111
16136
16137
16148
16157
16158
16167
1619
16191
16192
16197
1620
16202
16205
1621
1622
1624
1625
16252
1626
16268
16282
16284
1629
16298
16356
1636
1638
16380
16384
16405
16417
16453
1646
1647
1649
1650
16567
16581
16584
16587
16588
16600
16643
16651
16665
16686
16695
16757
16767
16768
16770
16775
16808
16811
16853
16854
16859
16860
16861
16863
16874
16875
16876
16878
16879
16880
16881
16882
16883
16884
16886
16887
16966
17000
17038
17051
17054
17140
17158
17175
17177
17279
17360
17361
17421
17464
17479
17480
17569
17570
17719
182
186
19
208
217
275
276
279
280
29
300
346
35
354
438
500
54
546
58
591
614
615
616
643
659
677
679
681
7
723
7246
7350
742
7519
7575
7577
7578
7588
7608
7628
7631
7632
7633
7640
7646
7648
7651
769
7696
770
7700
778
785
786
7888
7923
7938
7941
7984
7989
7991
8008
8019
8020
8024
8027
8032
805
808
8103
815
8160
8185
822
8221
8248
8318
842
874
905
937
944
946
9706
9960
